{
  "advancedEditorSelectedIdentifier" : "ProjectBrowser",
  "openSceneRelativePaths" : [
    "Export\/MeshyRiggedCharacter.usda",
    "Export\/RobotUnlit\/RobotUnlit.usda"
  ],
  "recentIdentifiers" : {
    "07818034-173B-49FA-9AFA-9564C131DA7A" : [

    ],
    "2C2AC6D5-BEB4-429D-B7D8-22F51877E4D1" : [

    ],
    "4D993BD1-6FE9-4EA4-B0FA-A17D8BAE2959" : [

    ],
    "66009561-C0EC-43B8-9D5D-2C4175A1BD1A" : [

    ],
    "6CFD0698-C376-4F2D-ABB4-39966E32E286" : [

    ],
    "7F30EE39-CA5E-4FC5-A9B0-BA0ECD549941" : [

    ],
    "88821414-597A-4019-9791-4C1E2056842C" : [

    ],
    "9886BAF0-B1FA-4D86-B26D-CDF5F5962A12" : [

    ],
    "AFB047D4-C848-42D7-9137-DC1B4E7632AD" : [

    ],
    "D7A2A52F-0286-450E-A09A-BA85689062C5" : [

    ],
    "E5A104C2-F73C-4FA4-8F91-9FD52C70C83C" : [

    ],
    "F0A76B70-9AF1-4028-A8BC-8451B82167EF" : [

    ]
  },
  "sceneCameraHistory" : {
    "0468AA1D-BA18-4429-8C6A-8F8F0CC9FB75" : [
      {
        "date" : 791653049.228621,
        "title" : "Untitled",
        "transform" : [
          1,
          0,
          0,
          0,
          0,
          0.7071069,
          -0.70710677,
          0,
          0,
          0.70710677,
          0.7071069,
          0,
          -0.02668488,
          2.074105,
          1.5834764,
          1
        ]
      },
      {
        "date" : 791653041.032935,
        "title" : "Untitled",
        "transform" : [
          1,
          0,
          0,
          0,
          0,
          0.7071069,
          -0.70710677,
          0,
          0,
          0.70710677,
          0.7071069,
          0,
          -0.053373218,
          2.1621685,
          1.4954128,
          1
        ]
      },
      {
        "date" : 791653035.08232,
        "title" : "Untitled",
        "transform" : [
          1,
          0,
          0,
          0,
          0,
          0.7071069,
          -0.70710677,
          0,
          0,
          0.70710677,
          0.7071069,
          0,
          -0.044477105,
          1.8099179,
          1.8476629,
          1
        ]
      }
    ],
    "07818034-173B-49FA-9AFA-9564C131DA7A" : [
      {
        "date" : 791588830.122237,
        "title" : "Untitled",
        "transform" : [
          0.855554,
          8.145035e-09,
          -0.5177136,
          0,
          -0.124077894,
          0.97085565,
          -0.20504645,
          0,
          0.5026252,
          0.23966512,
          0.83061934,
          0,
          1.2435083,
          -0.5222719,
          2.4265802,
          1
        ]
      },
      {
        "date" : 791586789.279646,
        "title" : "Untitled",
        "transform" : [
          0.855554,
          8.145035e-09,
          -0.5177136,
          0,
          -0.124077894,
          0.97085565,
          -0.20504645,
          0,
          0.5026252,
          0.23966512,
          0.83061934,
          0,
          1.3597096,
          -0.14360185,
          2.2470045,
          1
        ]
      },
      {
        "date" : 791586785.46157,
        "title" : "Untitled",
        "transform" : [
          0.70643747,
          -1.5406623e-09,
          -0.7077755,
          0,
          -0.45983785,
          0.76019543,
          -0.45896855,
          0,
          0.5380477,
          0.6496945,
          0.5370305,
          0,
          1.7069665,
          1.0497613,
          1.7037395,
          1
        ]
      },
      {
        "date" : 791586783.871228,
        "title" : "Untitled",
        "transform" : [
          1,
          0,
          -0,
          0,
          -0,
          0.7071069,
          -0.7071067,
          0,
          0,
          0.7071067,
          0.7071069,
          0,
          0,
          1.2349946,
          2.3223372,
          1
        ]
      }
    ],
    "1E1FE9B6-278A-4CF1-96B0-0FDB7223994C" : [
      {
        "date" : 791595398.587848,
        "title" : "Untitled",
        "transform" : [
          1,
          0,
          0,
          0,
          0,
          0.7071069,
          -0.70710677,
          0,
          0,
          0.70710677,
          0.7071069,
          0,
          0.49481028,
          2.1503248,
          1.507257,
          1
        ]
      }
    ],
    "2C2AC6D5-BEB4-429D-B7D8-22F51877E4D1" : [
      {
        "date" : 791657212.597555,
        "title" : "Untitled",
        "transform" : [
          1,
          0,
          0,
          0,
          0,
          0.7071069,
          -0.70710677,
          0,
          0,
          0.70710677,
          0.7071069,
          0,
          -0.047981992,
          10.0412855,
          10.120449,
          1
        ]
      },
      {
        "date" : 791657209.183392,
        "title" : "Untitled",
        "transform" : [
          1,
          0,
          0,
          0,
          0,
          0.7071069,
          -0.70710677,
          0,
          0,
          0.70710677,
          0.7071069,
          0,
          -0.047982067,
          1.7892058,
          1.8683751,
          1
        ]
      }
    ],
    "501DCEAC-FDB3-4302-B9F2-0CAF0F587E54" : [
      {
        "date" : 791646341.792983,
        "title" : "Untitled",
        "transform" : [
          0.18055715,
          -0.000555636,
          -0.9835643,
          0,
          -0.5144519,
          0.85224944,
          -0.09492161,
          0,
          0.83829486,
          0.52313536,
          0.15359387,
          0,
          7.428568,
          2.7633145,
          -0.23325807,
          1
        ]
      },
      {
        "date" : 791646320.545308,
        "title" : "Untitled",
        "transform" : [
          0.18055715,
          -0.000555636,
          -0.9835643,
          0,
          -0.5144519,
          0.85224944,
          -0.09492161,
          0,
          0.83829486,
          0.52313536,
          0.15359387,
          0,
          5.047497,
          0.7925978,
          -1.4711744,
          1
        ]
      },
      {
        "date" : 791646300.841545,
        "title" : "Untitled",
        "transform" : [
          0.18055715,
          -0.000555636,
          -0.9835643,
          0,
          -0.5144519,
          0.85224944,
          -0.09492161,
          0,
          0.83829486,
          0.52313536,
          0.15359387,
          0,
          3.7803617,
          2.1156073,
          0.9385562,
          1
        ]
      },
      {
        "date" : 791608342.360382,
        "title" : "Untitled",
        "transform" : [
          0.18055715,
          -0.000555636,
          -0.9835643,
          0,
          -0.5144519,
          0.85224944,
          -0.09492161,
          0,
          0.83829486,
          0.52313536,
          0.15359387,
          0,
          5.388857,
          1.8233635,
          -6.845026,
          1
        ]
      },
      {
        "date" : 791608269.928002,
        "title" : "Untitled",
        "transform" : [
          0.18055715,
          -0.000555636,
          -0.9835643,
          0,
          -0.5144519,
          0.85224944,
          -0.09492161,
          0,
          0.83829486,
          0.52313536,
          0.15359387,
          0,
          8.374998,
          4.690377,
          1.2052596,
          1
        ]
      },
      {
        "date" : 791608264.013313,
        "title" : "Untitled",
        "transform" : [
          0.18055715,
          -0.000555636,
          -0.9835643,
          0,
          -0.5144519,
          0.85224944,
          -0.09492161,
          0,
          0.83829486,
          0.52313536,
          0.15359387,
          0,
          10.085729,
          3.0869863,
          -2.6705744,
          1
        ]
      },
      {
        "date" : 791608221.294486,
        "title" : "Untitled",
        "transform" : [
          0.18055715,
          -0.000555636,
          -0.9835643,
          0,
          -0.5144519,
          0.85224944,
          -0.09492161,
          0,
          0.83829486,
          0.52313536,
          0.15359387,
          0,
          4.1797585,
          2.687319,
          -0.7018734,
          1
        ]
      },
      {
        "date" : 791605476.063596,
        "title" : "Untitled",
        "transform" : [
          0.18055715,
          -0.000555636,
          -0.9835643,
          0,
          -0.5144519,
          0.85224944,
          -0.09492161,
          0,
          0.83829486,
          0.52313536,
          0.15359387,
          0,
          4.2983184,
          2.0635736,
          0.7754952,
          1
        ]
      },
      {
        "date" : 791605468.277927,
        "title" : "Untitled",
        "transform" : [
          0.18055715,
          -0.000555636,
          -0.9835643,
          0,
          -0.5144519,
          0.85224944,
          -0.09492161,
          0,
          0.83829486,
          0.52313536,
          0.15359387,
          0,
          3.517439,
          3.3224685,
          0.74967706,
          1
        ]
      },
      {
        "date" : 791605467.145965,
        "title" : "Untitled",
        "transform" : [
          0.18055715,
          -0.000555636,
          -0.9835643,
          0,
          -0.5144519,
          0.85224944,
          -0.09492161,
          0,
          0.83829486,
          0.52313536,
          0.15359387,
          0,
          3.3507361,
          3.5604348,
          0.8490145,
          1
        ]
      }
    ],
    "66009561-C0EC-43B8-9D5D-2C4175A1BD1A" : [
      {
        "date" : 791589021.729549,
        "title" : "Untitled",
        "transform" : [
          0.9997997,
          -8.8010577e-10,
          -0.020013161,
          0,
          -0.003592696,
          0.98375493,
          -0.1794807,
          0,
          0.019688047,
          0.1795167,
          0.98355794,
          0,
          0.19109832,
          1.3454605,
          1.5970602,
          1
        ]
      },
      {
        "date" : 791588907.411766,
        "title" : "Untitled",
        "transform" : [
          0.9997997,
          -8.8010577e-10,
          -0.020013161,
          0,
          -0.003592696,
          0.98375493,
          -0.1794807,
          0,
          0.019688047,
          0.1795167,
          0.98355794,
          0,
          0.2544192,
          1.1262655,
          1.6358004,
          1
        ]
      },
      {
        "date" : 791588906.022108,
        "title" : "Untitled",
        "transform" : [
          0.9997997,
          -8.8010577e-10,
          -0.020013161,
          0,
          -0.003592696,
          0.98375493,
          -0.1794807,
          0,
          0.019688047,
          0.1795167,
          0.98355794,
          0,
          0.25430572,
          1.1589613,
          1.6298351,
          1
        ]
      },
      {
        "date" : 791588874.154947,
        "title" : "Untitled",
        "transform" : [
          0.9997997,
          -8.8010577e-10,
          -0.020013161,
          0,
          -0.003592696,
          0.98375493,
          -0.1794807,
          0,
          0.019688047,
          0.1795167,
          0.98355794,
          0,
          0.29827172,
          0.9066416,
          1.6750078,
          1
        ]
      },
      {
        "date" : 791588872.038756,
        "title" : "Untitled",
        "transform" : [
          0.9997997,
          -8.8010577e-10,
          -0.020013161,
          0,
          -0.003592696,
          0.98375493,
          -0.1794807,
          0,
          0.019688047,
          0.1795167,
          0.98355794,
          0,
          -0.04755597,
          1.0012391,
          0.33042717,
          1
        ]
      },
      {
        "date" : 791588869.471974,
        "title" : "Untitled",
        "transform" : [
          0.9997997,
          -8.8010577e-10,
          -0.020013161,
          0,
          -0.003592696,
          0.98375493,
          -0.1794807,
          0,
          0.019688047,
          0.1795167,
          0.98355794,
          0,
          -0.0023314767,
          1.4136013,
          2.5897098,
          1
        ]
      },
      {
        "date" : 791588858.208472,
        "title" : "Untitled",
        "transform" : [
          0.9997997,
          -8.8010577e-10,
          -0.020013161,
          0,
          -0.003592696,
          0.98375493,
          -0.1794807,
          0,
          0.019688047,
          0.1795167,
          0.98355794,
          0,
          0.1701782,
          0.491918,
          2.5363448,
          1
        ]
      },
      {
        "date" : 791588834.344799,
        "title" : "Untitled",
        "transform" : [
          0.9997997,
          -8.8010577e-10,
          -0.020013161,
          0,
          -0.003592696,
          0.98375493,
          -0.1794807,
          0,
          0.019688047,
          0.1795167,
          0.98355794,
          0,
          0.050919197,
          0.46428397,
          2.5437758,
          1
        ]
      },
      {
        "date" : 791586804.095503,
        "title" : "Untitled",
        "transform" : [
          0.9997997,
          -8.8010577e-10,
          -0.020013161,
          0,
          -0.003592696,
          0.98375493,
          -0.1794807,
          0,
          0.019688047,
          0.1795167,
          0.98355794,
          0,
          0.050919197,
          0.46428397,
          2.5437758,
          1
        ]
      }
    ],
    "6C09126C-6FA5-4D1B-ACC6-899E6C5A3CEA" : [
      {
        "date" : 791654608.790157,
        "title" : "Untitled",
        "transform" : [
          1,
          0,
          -0,
          0,
          -0,
          0.8680577,
          -0.4964632,
          0,
          0,
          0.4964632,
          0.8680577,
          0,
          1.8136561e-05,
          3.0581326,
          3.8687232,
          1
        ]
      },
      {
        "date" : 791654607.464069,
        "title" : "Untitled",
        "transform" : [
          1,
          0,
          0,
          0,
          0,
          0.7071069,
          -0.70710677,
          0,
          0,
          0.70710677,
          0.7071069,
          0,
          0.006231308,
          1.7582843,
          1.8992963,
          1
        ]
      }
    ],
    "6CFD0698-C376-4F2D-ABB4-39966E32E286" : [
      {
        "date" : 791662574.423783,
        "title" : "Untitled",
        "transform" : [
          0.999944,
          -9.762232e-10,
          -0.01058561,
          0,
          -0.0062563117,
          0.80665505,
          -0.5909894,
          0,
          0.008538935,
          0.5910225,
          0.80660987,
          0,
          0.023252726,
          0.2936676,
          0.20288222,
          1
        ]
      },
      {
        "date" : 791662571.710019,
        "title" : "Untitled",
        "transform" : [
          0.999944,
          -9.762232e-10,
          -0.01058561,
          0,
          -0.0062563117,
          0.80665505,
          -0.5909894,
          0,
          0.008538935,
          0.5910225,
          0.80660987,
          0,
          0.09707612,
          0.31463772,
          0.18673536,
          1
        ]
      },
      {
        "date" : 791661723.005191,
        "title" : "Untitled",
        "transform" : [
          0.999944,
          -9.762232e-10,
          -0.01058561,
          0,
          -0.0062563117,
          0.80665505,
          -0.5909894,
          0,
          0.008538935,
          0.5910225,
          0.80660987,
          0,
          0.056496978,
          0.31770495,
          0.18491758,
          1
        ]
      },
      {
        "date" : 791661700.77228,
        "title" : "Untitled",
        "transform" : [
          0.999944,
          -9.762232e-10,
          -0.01058561,
          0,
          -0.0062563117,
          0.80665505,
          -0.5909894,
          0,
          0.008538935,
          0.5910225,
          0.80660987,
          0,
          0.1342619,
          0.29785332,
          0.19864011,
          1
        ]
      },
      {
        "date" : 791661689.855626,
        "title" : "Untitled",
        "transform" : [
          0.96882796,
          -1.5178259e-09,
          0.24773453,
          0,
          0.16852883,
          0.7329524,
          -0.6590742,
          0,
          -0.18157761,
          0.68027985,
          0.71010476,
          0,
          0.061311737,
          0.28840798,
          0.1145325,
          1
        ]
      },
      {
        "date" : 791661684.820964,
        "title" : "Untitled",
        "transform" : [
          0.96882796,
          -1.5178259e-09,
          0.24773453,
          0,
          0.16852883,
          0.7329524,
          -0.6590742,
          0,
          -0.18157761,
          0.68027985,
          0.71010476,
          0,
          0.0522163,
          0.21173544,
          0.09372997,
          1
        ]
      },
      {
        "date" : 791661679.336753,
        "title" : "Untitled",
        "transform" : [
          0.96882796,
          -1.5178259e-09,
          0.24773453,
          0,
          0.16852883,
          0.7329524,
          -0.6590742,
          0,
          -0.18157761,
          0.68027985,
          0.71010476,
          0,
          0.96015525,
          0.34719688,
          0.19612294,
          1
        ]
      },
      {
        "date" : 791661674.871793,
        "title" : "Untitled",
        "transform" : [
          0.96882796,
          6.529097e-11,
          0.24773453,
          0,
          0.16852883,
          0.7329524,
          -0.65907425,
          0,
          -0.18157762,
          0.6802799,
          0.71010476,
          0,
          -0.10049796,
          0.27203307,
          0.2549613,
          1
        ]
      },
      {
        "date" : 791661658.208776,
        "title" : "Untitled",
        "transform" : [
          0.96882796,
          6.529097e-11,
          0.24773453,
          0,
          0.16852883,
          0.7329524,
          -0.65907425,
          0,
          -0.18157762,
          0.6802799,
          0.71010476,
          0,
          0.02090345,
          0.2833916,
          0.27512285,
          1
        ]
      },
      {
        "date" : 791661656.204436,
        "title" : "Untitled",
        "transform" : [
          0.98664755,
          7.522294e-11,
          -0.16287002,
          0,
          -0.1111178,
          0.7311206,
          -0.6731387,
          0,
          0.11907762,
          0.68224835,
          0.72135836,
          0,
          0.12967357,
          0.28409335,
          0.2427263,
          1
        ]
      }
    ],
    "7467FE46-4E50-4A6B-8F5E-D224B0A75AC7" : [
      {
        "date" : 791608186.75954,
        "title" : "Untitled",
        "transform" : [
          1,
          0,
          0,
          0,
          0,
          0.7071069,
          -0.70710677,
          0,
          0,
          0.70710677,
          0.7071069,
          0,
          0.20180419,
          2.0975208,
          1.5385047,
          1
        ]
      },
      {
        "date" : 791589762.076648,
        "title" : "Untitled",
        "transform" : [
          1,
          0,
          0,
          0,
          0,
          0.7071069,
          -0.70710677,
          0,
          0,
          0.70710677,
          0.7071069,
          0,
          0.18687677,
          2.1766808,
          1.4593451,
          1
        ]
      },
      {
        "date" : 791589749.347212,
        "title" : "Untitled",
        "transform" : [
          1,
          0,
          0,
          0,
          0,
          0.7071069,
          -0.70710677,
          0,
          0,
          0.70710677,
          0.7071069,
          0,
          0.04028356,
          1.7955605,
          1.8620205,
          1
        ]
      }
    ],
    "7F30EE39-CA5E-4FC5-A9B0-BA0ECD549941" : [
      {
        "date" : 791679515.635831,
        "title" : "Untitled",
        "transform" : [
          1,
          0,
          0,
          0,
          0,
          0.7071069,
          -0.70710677,
          0,
          0,
          0.70710677,
          0.7071069,
          0,
          0.05876811,
          0.2924146,
          0.12588188,
          1
        ]
      },
      {
        "date" : 791679512.202139,
        "title" : "Untitled",
        "transform" : [
          1,
          0,
          0,
          0,
          0,
          0.7071069,
          -0.70710677,
          0,
          0,
          0.70710677,
          0.7071069,
          0,
          0.008515701,
          0.30270082,
          0.11559573,
          1
        ]
      },
      {
        "date" : 791673913.878244,
        "title" : "Untitled",
        "transform" : [
          1,
          0,
          0,
          0,
          0,
          0.7071069,
          -0.70710677,
          0,
          0,
          0.70710677,
          0.7071069,
          0,
          0.028093949,
          0.26361206,
          0.15468442,
          1
        ]
      },
      {
        "date" : 791673904.102079,
        "title" : "Untitled",
        "transform" : [
          1,
          0,
          0,
          0,
          0,
          0.7071069,
          -0.70710677,
          0,
          0,
          0.70710677,
          0.7071069,
          0,
          0.020784162,
          0.28105676,
          0.13723974,
          1
        ]
      },
      {
        "date" : 791673888.545235,
        "title" : "Untitled",
        "transform" : [
          1,
          0,
          0,
          0,
          0,
          0.7071069,
          -0.70710677,
          0,
          0,
          0.70710677,
          0.7071069,
          0,
          0.01712928,
          0.27653408,
          0.14176242,
          1
        ]
      },
      {
        "date" : 791673700.12975,
        "title" : "Untitled",
        "transform" : [
          1,
          0,
          0,
          0,
          0,
          0.7071069,
          -0.70710677,
          0,
          0,
          0.70710677,
          0.7071069,
          0,
          0.029921405,
          0.27653408,
          0.14176242,
          1
        ]
      },
      {
        "date" : 791673693.100045,
        "title" : "Untitled",
        "transform" : [
          1,
          0,
          0,
          0,
          0,
          0.7071069,
          -0.70710677,
          0,
          0,
          0.70710677,
          0.7071069,
          0,
          0.042713515,
          0.26942703,
          0.14886948,
          1
        ]
      },
      {
        "date" : 791673650.761389,
        "title" : "Untitled",
        "transform" : [
          1,
          0,
          0,
          0,
          0,
          0.7071069,
          -0.70710677,
          0,
          0,
          0.70710677,
          0.7071069,
          0,
          0,
          1.253312,
          1.2533121,
          1
        ]
      }
    ],
    "88821414-597A-4019-9791-4C1E2056842C" : [
      {
        "date" : 791607116.738877,
        "title" : "Untitled",
        "transform" : [
          1,
          0,
          0,
          0,
          0,
          0.7071069,
          -0.70710677,
          0,
          0,
          0.70710677,
          0.7071069,
          0,
          5.1797857,
          6.6361775,
          3.9732327,
          1
        ]
      },
      {
        "date" : 791607113.086991,
        "title" : "Untitled",
        "transform" : [
          1,
          0,
          0,
          0,
          0,
          0.7071069,
          -0.70710677,
          0,
          0,
          0.70710677,
          0.7071069,
          0,
          4.761708,
          4.6603527,
          2.9492002,
          1
        ]
      },
      {
        "date" : 791606451.079091,
        "title" : "Untitled",
        "transform" : [
          1,
          0,
          0,
          0,
          0,
          0.7071069,
          -0.70710677,
          0,
          0,
          0.70710677,
          0.7071069,
          0,
          4.589857,
          4.549876,
          3.0596757,
          1
        ]
      }
    ],
    "8D2646CE-4536-4F6E-AFC5-12011EC614AE" : [
      {
        "date" : 791596301.916167,
        "title" : "Untitled",
        "transform" : [
          0.21346833,
          4.9356597e-05,
          -0.97695005,
          0,
          -0.6274623,
          0.76648825,
          -0.13706484,
          0,
          0.748814,
          0.64225835,
          0.16365194,
          0,
          3.5146008,
          3.6999173,
          1.1085615,
          1
        ]
      },
      {
        "date" : 791596296.347713,
        "title" : "Untitled",
        "transform" : [
          0.21346833,
          4.9356597e-05,
          -0.97695005,
          0,
          -0.6274623,
          0.76648825,
          -0.13706484,
          0,
          0.748814,
          0.64225835,
          0.16365194,
          0,
          3.453363,
          3.7301517,
          1.2701089,
          1
        ]
      },
      {
        "date" : 791596294.803522,
        "title" : "Untitled",
        "transform" : [
          0.21346833,
          4.9356597e-05,
          -0.97695005,
          0,
          -0.6274623,
          0.76648825,
          -0.13706484,
          0,
          0.748814,
          0.64225835,
          0.16365194,
          0,
          3.6225836,
          3.4480119,
          1.6030824,
          1
        ]
      },
      {
        "date" : 791596290.272348,
        "title" : "Untitled",
        "transform" : [
          1,
          0,
          0,
          0,
          0,
          0.7071069,
          -0.70710677,
          0,
          0,
          0.70710677,
          0.7071069,
          0,
          3.682363,
          3.8309698,
          -0.17338824,
          1
        ]
      }
    ],
    "AFB047D4-C848-42D7-9137-DC1B4E7632AD" : [
      {
        "date" : 791662700.214949,
        "title" : "Untitled",
        "transform" : [
          1,
          0,
          0,
          0,
          0,
          0.7071069,
          -0.70710677,
          0,
          0,
          0.70710677,
          0.7071069,
          0,
          0.17160675,
          1.6843997,
          0.73347956,
          1
        ]
      },
      {
        "date" : 791662684.398207,
        "title" : "Untitled",
        "transform" : [
          1,
          0,
          0,
          0,
          0,
          0.7071069,
          -0.70710677,
          0,
          0,
          0.70710677,
          0.7071069,
          0,
          0.14084035,
          1.3857068,
          0.59870017,
          1
        ]
      },
      {
        "date" : 791662683.02734,
        "title" : "Untitled",
        "transform" : [
          1,
          0,
          0,
          0,
          0,
          0.7071069,
          -0.70710677,
          0,
          0,
          0.70710677,
          0.7071069,
          0,
          0.027925193,
          1.3413482,
          0.64305854,
          1
        ]
      },
      {
        "date" : 791662681.177758,
        "title" : "Untitled",
        "transform" : [
          1,
          0,
          0,
          0,
          0,
          0.7071069,
          -0.70710677,
          0,
          0,
          0.70710677,
          0.7071069,
          0,
          0.31608945,
          2.1475883,
          1.5099919,
          1
        ]
      }
    ],
    "C43C3D81-2C4A-4678-8C69-F6862F43CCE4" : [
      {
        "date" : 791646881.945974,
        "title" : "Untitled",
        "transform" : [
          1,
          0,
          0,
          0,
          0,
          0.7071069,
          -0.70710677,
          0,
          0,
          0.70710677,
          0.7071069,
          0,
          0.213496,
          2.1873305,
          1.470251,
          1
        ]
      },
      {
        "date" : 791646863.091235,
        "title" : "Untitled",
        "transform" : [
          1,
          0,
          0,
          0,
          0,
          0.7071069,
          -0.70710677,
          0,
          0,
          0.70710677,
          0.7071069,
          0,
          0.19570482,
          2.1936193,
          1.4639615,
          1
        ]
      }
    ],
    "D7A2A52F-0286-450E-A09A-BA85689062C5" : [
      {
        "date" : 791605471.460139,
        "title" : "Untitled",
        "transform" : [
          0.08517032,
          -2.2353674e-09,
          -0.9963663,
          0,
          -0.5372925,
          0.8421444,
          -0.04592826,
          0,
          0.83908445,
          0.5392519,
          0.071725756,
          0,
          4.408592,
          3.0881424,
          0.3541227,
          1
        ]
      },
      {
        "date" : 791604540.022731,
        "title" : "Untitled",
        "transform" : [
          0.08517032,
          -2.2353674e-09,
          -0.9963663,
          0,
          -0.5372925,
          0.8421444,
          -0.04592826,
          0,
          0.83908445,
          0.5392519,
          0.071725756,
          0,
          17.247974,
          8.595691,
          0.7879553,
          1
        ]
      },
      {
        "date" : 791604445.355655,
        "title" : "Untitled",
        "transform" : [
          0.08517027,
          1.283643e-09,
          -0.9963664,
          0,
          -0.5372925,
          0.84214455,
          -0.045928232,
          0,
          0.8390845,
          0.5392519,
          0.07172568,
          0,
          6.1101356,
          5.0640135,
          0.14974946,
          1
        ]
      },
      {
        "date" : 791604429.256474,
        "title" : "Untitled",
        "transform" : [
          0.08517027,
          1.283643e-09,
          -0.9963664,
          0,
          -0.5372925,
          0.84214455,
          -0.045928232,
          0,
          0.8390845,
          0.5392519,
          0.07172568,
          0,
          7.367439,
          3.1286268,
          -0.008129418,
          1
        ]
      },
      {
        "date" : 791604408.374568,
        "title" : "Untitled",
        "transform" : [
          0.08517027,
          1.283643e-09,
          -0.9963664,
          0,
          -0.5372925,
          0.84214455,
          -0.045928232,
          0,
          0.8390845,
          0.5392519,
          0.07172568,
          0,
          7.378343,
          3.111537,
          -0.007196486,
          1
        ]
      },
      {
        "date" : 791604221.651711,
        "title" : "Untitled",
        "transform" : [
          0.08517027,
          1.283643e-09,
          -0.9963664,
          0,
          -0.5372925,
          0.84214455,
          -0.045928232,
          0,
          0.8390845,
          0.5392519,
          0.07172568,
          0,
          6.237244,
          4.980591,
          -0.7100544,
          1
        ]
      },
      {
        "date" : 791604203.769178,
        "title" : "Untitled",
        "transform" : [
          0.08517027,
          1.283643e-09,
          -0.9963664,
          0,
          -0.5372925,
          0.84214455,
          -0.045928232,
          0,
          0.8390845,
          0.5392519,
          0.07172568,
          0,
          6.442381,
          4.4167976,
          1.1288817,
          1
        ]
      },
      {
        "date" : 791596298.980114,
        "title" : "Untitled",
        "transform" : [
          0.08517027,
          1.283643e-09,
          -0.9963664,
          0,
          -0.5372925,
          0.84214455,
          -0.045928232,
          0,
          0.8390845,
          0.5392519,
          0.07172568,
          0,
          6.63078,
          4.1497293,
          0.9327705,
          1
        ]
      },
      {
        "date" : 791596260.413826,
        "title" : "Untitled",
        "transform" : [
          0.08517027,
          1.283643e-09,
          -0.9963664,
          0,
          -0.5372925,
          0.84214455,
          -0.045928232,
          0,
          0.8390845,
          0.5392519,
          0.07172568,
          0,
          6.321363,
          4.7085204,
          0.35137248,
          1
        ]
      }
    ],
    "E5A104C2-F73C-4FA4-8F91-9FD52C70C83C" : [
      {
        "date" : 791595879.896604,
        "title" : "Untitled",
        "transform" : [
          1,
          0,
          0,
          0,
          0,
          0.7071069,
          -0.70710677,
          0,
          0,
          0.70710677,
          0.7071069,
          0,
          0.23584008,
          2.0835724,
          1.5740082,
          1
        ]
      }
    ],
    "F89E6E11-55EE-4500-A283-197112672A42" : [
      {
        "date" : 791659535.20983,
        "title" : "Untitled",
        "transform" : [
          1,
          0,
          0,
          0,
          0,
          0.7071069,
          -0.70710677,
          0,
          0,
          0.70710677,
          0.7071069,
          0,
          0.10459939,
          0.3275346,
          0.20985845,
          1
        ]
      },
      {
        "date" : 791659466.48368,
        "title" : "Untitled",
        "transform" : [
          1,
          0,
          0,
          0,
          0,
          0.7071069,
          -0.70710677,
          0,
          0,
          0.70710677,
          0.7071069,
          0,
          0.09746244,
          0.33459985,
          0.20279321,
          1
        ]
      },
      {
        "date" : 791659465.265813,
        "title" : "Untitled",
        "transform" : [
          1,
          0,
          0,
          0,
          0,
          0.7071069,
          -0.70710677,
          0,
          0,
          0.70710677,
          0.7071069,
          0,
          0.10888155,
          0.33258107,
          0.20481196,
          1
        ]
      },
      {
        "date" : 791659162.227394,
        "title" : "Untitled",
        "transform" : [
          1,
          0,
          0,
          0,
          0,
          0.7071069,
          -0.70710677,
          0,
          0,
          0.70710677,
          0.7071069,
          0,
          0.008964352,
          0.32955313,
          0.20783985,
          1
        ]
      },
      {
        "date" : 791659138.30768,
        "title" : "Untitled",
        "transform" : [
          1,
          0,
          0,
          0,
          0,
          0.7071069,
          -0.70710677,
          0,
          0,
          0.70710677,
          0.7071069,
          0,
          0.09522746,
          0.33700845,
          0.20038456,
          1
        ]
      },
      {
        "date" : 791659111.629623,
        "title" : "Untitled",
        "transform" : [
          1,
          0,
          0,
          0,
          0,
          0.7071069,
          -0.70710677,
          0,
          0,
          0.70710677,
          0.7071069,
          0,
          0.0041403547,
          0.32724938,
          0.21014357,
          1
        ]
      },
      {
        "date" : 791659104.62427,
        "title" : "Untitled",
        "transform" : [
          1,
          0,
          0,
          0,
          0,
          0.7071069,
          -0.70710677,
          0,
          0,
          0.70710677,
          0.7071069,
          0,
          0.0055204257,
          0.306756,
          0.2306369,
          1
        ]
      }
    ]
  },
  "sceneViewportBackgroundColors" : {

  },
  "selectedSceneRelativePath" : "Export\/RobotUnlit\/RobotUnlit.usda"
}